0,0,0;
0,0,2;
0,0,4,
0,0,6,
0,0,8,
0,0,10,
0,0,12,
0,0,14,
0,0,16,
0,0,18,
2,0,0,
2,0,2,
2,0,4,
2,0,6,
2,0,8,
2,0,10,
2,0,12,
2,0,14,
2,0,16,
4,0,0,
4,0,2,
4,0,4,
4,0,6,
4,0,8,
4,0,10,
4,0,12,
4,0,14,
6,0,0,
6,0,2,
6,0,4,
6,0,6,
6,0,8,
6,0,10,
6,0,12,
8,0,0,
8,0,2,
8,0,4,
8,0,6,
8,0,8,
8,0,10,
10,0,14,
10,0,16,
10,0,18,
10,0,20,
12,0,0,
12,0,2,
12,0,4,
12,0,6,
14,0,0,
14,0,2,
14,0,4,
14,0,6,
16,0,0,
16,0,2,
16,0,4,
16,0,6,
18,0,0,
18,0,2,
18,0,4,
20,0,0,
20,0,2,
0,0,20,
2,0,18,
2,0,20,
4,0,16,
4,0,18,
4,0,20,
6,0,14,
6,0,16,
6,0,18,
6,0,20,
8,0,12,
8,0,14,
8,0,16,
8,0,18,
8,0,20,
10,0,0,
10,0,2,
10,0,4,
10,0,6,
10,0,8,
10,0,10,
10,0,12,
12,0,8,
12,0,10,
12,0,12,
12,0,14,
12,0,16,
12,0,18,
12,0,20,
14,0,8,
14,0,10,
14,0,12,
14,0,14,
14,0,16,
14,0,18,
14,0,20,
16,0,8,
16,0,10,
16,0,12,
16,0,14,
16,0,16,
16,0,18,
16,0,20,
18,0,6,
18,0,8,
18,0,10,
18,0,12,
18,0,14,
18,0,16,
18,0,18,
18,0,20,
20,0,4,
20,0,6,
20,0,8,
20,0,10,
20,0,12,
20,0,14,
20,0,16,
20,0,18,
20,0,20;